
1
2
Высшая
1
10
1,79
331,15
800
331,15
6
19,87
0,3
55,5
0,65
215,25
45
149,02
0
0
770,79

1
2
Высшая
1
10
1,79
331,15
800
331,15
6
19,87
0,3
55,5
0,65
215,25
45
149,02
0
0
770,79

1
2
Высшая
1
10
1,79
331,15
800
331,15
6
19,87
0,3
55,5
0,65
215,25
45
149,02
0
0
770,79

1
2
Высшая
1
10
1,79
331,15
800
331,15
6
19,87
0,3
55,5
0,65
215,25
45
149,02
0
0
770,79

1
2
Высшая
1
10
1,79
331,15
800
331,15
6
19,87
0,3
55,5
0,65
215,25
45
149,02
0
0
770,79

1
2
Высшая
1
10
1,79
331,15
800
331,15
6
19,87
0,3
55,5
0,65
215,25
45
149,02
0
0
770,79
